##TITLE= Parameter file, TopSpin 3.6.5
##JCAMPDX= 5.0
##DATATYPE= Parameter Values
##NPOINTS= 124802	$$ modification sequence number
##ORIGIN= Bruker BioSpin GmbH
##OWNER= nmrsu
$$ 2024-10-24 09:19:20.483 -0400  nmrsu@AVIIIHD600
$$ C:/Bruker/TopSpin3.6.5/conf/instr/spect/specpar
$$ process C:\Bruker\TopSpin3.6.5\prog\mod\hconfserver.exe
##$ANCIEN= (0..7)
0 0 0 0 0 0 0 0
##$BF1= 100.13
##$BF2= 100.13
##$BF3= 100.13
##$DEC= 1
##$DECB= 1
##$DEF19F= yes
##$DEFRSEL= yes
##$HPMOD= (0..7)
0 0 0 0 0 0 0 0
##$HPPRECH= (0..15)
-1 -1 -1 -1 -1 -1 -1 -1 -1 -1 -1 -1 -1 -1 -1 -1
##$HPSELECT= no
##$LOCSW19F= -1
##$LOCSW2H= -1
##$NUC1= 12
##$NUC2= 1
##$NUC3= 0
##$NUC4= 0
##$NUC5= 0
##$NUC6= 0
##$NUC7= 0
##$NUC8= 0
##$NUCARR= (0..123)
599.9 599.9 92.088302552 639.877180026 457.000442563 88.281799914 233.143918203
84.296826187 64.451204342 192.471760026 150.84497498 43.336086115 60.787339088
81.325185543 564.469971989 47.357881704 158.6849481 36.723688365 156.315097141
119.183254813 242.843971258 46.048324 58.777656091 48.926194275 27.993571627
15.365268695 40.373443971 145.726190253 33.819566466 33.828582963 59.811883691
157.791385052 33.909323504 148.710518782 19.423430222 142.338716926 53.607369949
159.066322527 170.393754307 37.534561197 143.984122646 182.949727296 20.926401685
102.718561386 114.410006487 31.301114278 150.29882602 162.012101482 23.0817524
57.920003057 196.290003546 25.998598178 29.396287802 55.768491702 146.83254383
39.095039074 39.915516305 135.027447674 27.626300849 30.963052631 19.115495553
27.4520239 24.282866181 27.916544467 127.27166452 133.136856825 131.172664245
131.453861371 196.279775251 213.757921741 223.706501368 143.559531423 77.742342783
156.992282258 189.267064231 120.024908514 166.833305814 49.455282079 78.683735858
59.596807543 66.666455072 79.1526057 84.739720359 183.68938 32.69455 20.15664
25.01583 20.63656 149.13514 65.86902 18.41693 24.17597 144.21596 20.63656
28.91518 128.01866 17.27712 49.73171 104.978336694 28.921179 68.412596
48.777869 24.037993 15.099483 71.9256104 24.994155613 135.1250754 136.4868484
13.691703669 46.5846346 10.306282 11.224129 128.959207216 10.372271 107.447021178
39.662886417 342.6820768 346.045344162 125.502673401 96.399658712 11.0465586
100 100 100
##$NUCOFFS= (0..127)
<1H> <13C> <19F> <31P> <27Al> <17O> <79Br> <2H> <29Si> <15N> <138La> <139La>
<6Li> <7Li> <75As> <127I> <> <> <> <> <> <> <> <> <> <> <> <> <> <> <>
<> <> <> <> <> <> <> <> <> <> <> <> <> <> <> <> <> <> <> <> <> <> <> <>
<> <> <> <> <> <> <> <> <> <> <> <> <> <> <> <> <> <> <> <> <> <> <> <>
<> <> <> <> <> <> <> <> <> <> <> <> <> <> <> <> <> <> <> <> <> <> <> <>
<> <> <> <> <> <> <> <> <> <> <> <> <> <> <> <> <> <> <> <> <> <> <> <>
<>
##$OBS= 1
##$OFFS= (0..127)
4776.9 13576.05 0 0 0 0 0 0 0 0 0 0 0 0 0 0 0 0 0 0 0 0 0 0 0 0 0 0 0 0
0 0 0 0 0 0 0 0 0 0 0 0 0 0 0 0 0 0 0 0 0 0 0 0 0 0 0 0 0 0 0 0 0 0 0 0
0 0 0 0 0 0 0 0 0 0 0 0 0 0 0 0 0 0 0 0 0 0 0 0 0 0 0 0 0 0 0 0 0 0 0 0
0 0 0 0 0 0 0 0 0 0 0 0 0 0 0 0 0 0 0 0 0 0 0 0 0 0
##$OFFSF= (0..7)
0 0 0 0 0 0 0 0
##$OFFSH= (0..7)
1608.30000004353 0 0 0 0 0 0 0
##$OFFSX= (0..7)
0 0 0 0 0 0 0 0
##$OFFSXAS= (0..7)
0 0 0 0 0 0 0 0
##$OFSF1= 0
##$OFSF2= 0
##$OFSH1= 0
##$OFSH2= 0
##$OFSH3= 0
##$OFSX1= 0
##$OFSX2= 0
##$OFSY= 0
##$PACOIL= (0..15)
0 0 0 0 0 0 0 0 0 0 0 0 0 0 0 0
##$PRECHAN= (0..15)
-1 4 -1 0 5 3 -1 -1 -1 -1 -1 -1 -1 -1 -1 -1
##$RECPRE= (0..15)
-1 0 -1 -1 -1 -1 -1 -1 -1 -1 -1 -1 -1 -1 -1 -1
##$RECPRFX= (0..15)
1 0 0 0 0 0 0 0 0 0 0 0 0 0 0 0
##$RECSEL= (0..15)
0 0 0 1 0 0 0 0 0 0 0 0 0 0 0 0
##$SELREC= (0..9)
0 0 0 0 0 0 0 0 0 0
##$SFO1= 60.787339
##$SFO2= 599.9024
##$SFO3= 599.9
##$SFO4= 599.915084
##$SFO5= 599.915084
##$SFO6= 599.915084
##$SFO7= 599.915084
##$SFO8= 599.915084
##$TY= (0..123)
0 0 0 0 0 0 0 0 0 0 0 0 0 0 0 0 0 0 0 0 0 0 0 0 0 0 0 0 0 0 0 0 0 0 0 0
0 0 0 0 0 0 0 0 0 0 0 0 0 0 0 0 0 0 0 0 0 0 0 0 0 0 0 0 0 0 0 0 0 0 0 0
0 0 0 0 0 0 0 0 0 0 0 0 0 0 0 0 0 0 0 0 0 0 0 0 0 0 0 0 0 0 0 0 0 0 0 0
0 0 0 0 0 0 0 0 0 0 0 0 0 0 0 0
##END=
